5439
8359
2388
6502
5622
7080
9310
86
8816
6468
9502
3712
1298
3865
4629
4883
5896
7171
8157
7522
354
726
3804
1527
1596
3083
6822
1953
5868
1845
3039
9835
7220
4431
3725
4058
216
5780
28
2163
2681
9274
2011
7559
2992
3227
3411
9949
8102
4018
5768
8106
1456
6879
9096
7839
6984
1591
3505
142
5670
171
6223
4730
8317
2994
2147
4683
3634
966
7727
5371
5160
920
4733
7616
9783
8881
1664
1254
7403
2231
3762
6696
4984
1288
2396
4011
8794
4261
2708
3080
5739
2894
8800
4275
4462
7974
7274
5468
8073
8883
2524
5234
7119
2820
3834
1391
8747
9855
8958
5924
281
1862
2639
8417
4110
7637
4427
3265
136
2715
8915
5536
9743
2211
3078
5610
9483
2014
197
9506
287
4366
7494
1851
4036
3169
5797
3415
2368
9976
6452
6569
8693
5459
258
4697
5606
8044
6970
5012
9396
6524
610
1420
4055
254
548
4067
3783
7310
1610
672
6123
2412
1090
2060
4456
7731
6257
3500
6683
673
3492
3659
4803
1331
9393
1266
6757
6975
3500
4455
7282
1357
8902
1312
8710
930
5327
802
9975
3050
3164
7530
670
3361
1332
7527
1202
7215
1172
579
4031
7246
7810
9340
1894
7033
8351
4435
1518
1202
1574
1055
2792
4752
3857
4479
9424
3444
2090
3739
879
5062
4703
3717
3182
1377
8191
738
3909
2375
2833
3951
5201
3266
1251
7249
4099
3273
6624
3805
5989
2459
1483
3777
7096
7707
5784
6509
2490
6615
3978
3521
9139
5719
1895
277
7614
5727
6807
5023
532
3825
8219
2692
3603
6562
4363
8366
7710
1687
9960
438
4079
6252
4080
3311
2584
7408
4223
1551
5446
8401
8642
4666
4742
511
4328
4348
9810
9952
8897
5315
2212
5920
5032
8007
475
626
6653
23
9419
1143
8699
2530
1535
4201
7576
3918
8058
9429
9179
7336
8747
2692
8855
3480
6862
420
9414
7104
3838
9111
9585
8354
6025
7240
2635
91
9405
309
5710
7440
7214
9805
2829
6531
8409
7128
5272
9410
6386
8365
6414
3996
7658
7668
9373
4833
9005
1897
8645
3573
6855
7881
9594
4432
9334
9613
4456
8757
9307
4704
8209
173
778
1134
2066
1071
705
5307
7795
3343
2774
6988
4989
1072
2585
3190
6599
2983
7672
6162
9657
8878
416
1066
6641
609
5681
8323
9763
3288
2011
8086
8155
146
5493
236
5358
3738
5996
4886
4382
4297
4664
327
9805
1016
3146
4334
857
1263
5138
8003
518
1903
5726
7789
9353
8041
9564
2622
9600
3225
6528
8861
7823
9186
6065
6861
5
7959
1869
8766
2317
7123
8621
3536
848
6422
1620
9376
3224
4877
5745
1185
7248
781
8979
9048
1335
4427
9932
1203
5875
3787
9822
9270
8641
1795
9858
500
5739
5322
1864
3639
3651
2931
2361
4829
5692
9984
8376
6751
7800
8901
7383
7822
8971
5803
3349
8812
7758
1517
9045
4197
6240
5058
5082
4056
2071
7415
7406
1317
2756
8120
